557.3448275862069 17.312 1
591.1724137931035 17.25 6
561.0344827586207 17.312 11
587.5172413793103 17.25 16
560.9655172413793 17.187 21
554.7586206896551 17.187 25
556.7586206896551 17.187 30
558.3103448275862 17.125 35
574.8965517241379 17.062 40
567.6551724137931 17.062 45
571.9655172413793 17.062 50
565.2413793103449 17.0 55
574.3793103448276 17.0 59
558.5172413793103 17.0 64
590.0344827586207 16.937 69
563.3103448275862 16.937 74
565.1724137931035 17.0 79
575.9655172413793 16.937 84
592.9655172413793 16.937 89
580.8620689655172 16.937 93
555.448275862069 16.875 98
581.9310344827586 16.875 103
566.3103448275862 16.812 108
566.6206896551724 16.812 113
571.1379310344828 16.75 118
584.6206896551724 16.75 123
539.551724137931 16.687 127
576.4827586206897 16.687 132
573.1034482758621 16.687 137
611.5862068965517 16.687 142
559.9655172413793 16.75 147
556.5172413793103 16.75 152
604.6206896551724 16.687 156
558.5862068965517 16.625 161
563.4827586206897 16.625 166
571.3793103448276 16.562 171
565.6206896551724 16.625 176
557.4137931034483 16.562 181
584.448275862069 16.562 186
567.6551724137931 16.5 190
551.6896551724138 16.562 195
565.1379310344828 16.562 200
565.2758620689655 16.5 205
560.4827586206897 16.5 210
582.1379310344828 16.5 215
576.0344827586207 16.5 220
557.1379310344828 16.437 224
571.2413793103449 16.375 229
576.2413793103449 16.375 234
590.7586206896551 16.375 239
567.6551724137931 16.312 244
597.6206896551724 16.312 249
560.3103448275862 16.312 254
533.2068965517242 16.375 258
609.2413793103449 16.312 263
577.9310344827586 16.375 268
561.4137931034483 16.312 273
572.0344827586207 16.312 278
535.6206896551724 16.25 283
562.2758620689655 16.187 288
568.1034482758621 16.187 292
578.7931034482758 16.187 297
585.1034482758621 16.125 302
573.3448275862069 16.125 307
586.1034482758621 16.125 312
575.4137931034483 16.125 317
551.3448275862069 16.125 322
567.3448275862069 16.125 326
560.0344827586207 16.125 331
561.9655172413793 16.125 336
583.8275862068965 16.062 341
549.6551724137931 16.062 346
564.9655172413793 16.0 351
582.5862068965517 16.0 355
554.3448275862069 15.937 360
602.4827586206897 15.937 365
589.8965517241379 15.937 370
575.3793103448276 16.0 375
581.3793103448276 15.937 380
594.5862068965517 16.0 385
540.8620689655172 15.937 389
573.0344827586207 15.875 394
567.7586206896551 15.875 399
590.8275862068965 15.875 404
540.4827586206897 15.812 409
608.0689655172414 15.812 414
558.4827586206897 15.875 419
560.9310344827586 15.875 423
589.8965517241379 15.937 428
569.0344827586207 15.937 433
556.8965517241379 16.062 438
566.2758620689655 16.0 443
588.4827586206897 16.0 448
581.0689655172414 16.062 453
588.7931034482758 16.062 457
548.6896551724138 16.125 462
543.0344827586207 16.062 467
569.3103448275862 16.125 472
543.0689655172414 16.062 477
563.2758620689655 16.062 482
555.3448275862069 16.062 487
559.7241379310345 16.125 491
575.1379310344828 16.062 496
581.2758620689655 16.062 501
614.6206896551724 16.125 506
606.2068965517242 16.125 511
604.1034482758621 16.125 516
569.7931034482758 16.125 520
580.6551724137931 16.187 525
586.2068965517242 16.125 530
584.6551724137931 16.187 535
563.4827586206897 16.187 540
577.1379310344828 16.125 545
572.0689655172414 16.187 550
608.8965517241379 16.187 554
585.3448275862069 16.25 559
545.8620689655172 16.187 564
554.6896551724138 16.187 569
568.8620689655172 16.187 574
555.448275862069 16.25 579
562.2068965517242 16.25 584
589.7586206896551 16.312 588
594.0344827586207 16.25 593
569.448275862069 16.312 598
581.2068965517242 16.312 603
566.8275862068965 16.25 608
590.8620689655172 16.312 613
595.1034482758621 16.375 618
573.1724137931035 16.375 622
582.3103448275862 16.375 627
578.8620689655172 16.375 632
571.2413793103449 16.437 637
579.4827586206897 16.375 642
546.551724137931 16.375 647
556.2758620689655 16.375 652
561.7586206896551 16.375 656
610.3103448275862 16.375 661
562.7241379310345 16.437 666
577.2758620689655 16.437 671
581.1034482758621 16.437 676
575.5862068965517 16.375 681
588.2068965517242 16.437 685
587.9310344827586 16.437 690
575.8965517241379 16.5 695
551.3103448275862 16.5 700
574.3793103448276 16.562 705
571.6896551724138 16.625 710
558.3448275862069 16.562 715
572.7931034482758 16.5 719
581.0689655172414 16.562 724
561.5862068965517 16.562 729
562.9310344827586 16.562 734
577.8965517241379 16.625 739
563.8620689655172 16.625 744
573.5172413793103 16.625 749
562.5172413793103 16.625 753
592.5172413793103 16.687 758
574.3448275862069 16.687 763
573.9310344827586 16.687 768
603.6206896551724 16.687 773
572.8620689655172 16.75 778
597.8620689655172 16.75 783
568.7241379310345 16.75 787
577.551724137931 16.75 792
553.0344827586207 16.812 797
577.8965517241379 16.812 802
586.2413793103449 16.812 807
613.8620689655172 16.875 812
567.6551724137931 16.875 817
553.0689655172414 16.875 821
583.3793103448276 16.937 826
536.5172413793103 16.937 831
538.7586206896551 16.937 836
572.8275862068965 16.937 841
557.448275862069 17.0 846
574.6896551724138 17.0 851
564.1379310344828 17.0 855
569.6896551724138 17.062 860
568.1724137931035 17.062 865
547.3103448275862 17.062 870
581.8965517241379 17.062 875
588.2068965517242 17.062 880
576.2068965517242 17.062 884
599.6896551724138 17.125 889
587.4137931034483 17.125 894
528.2068965517242 17.125 899
585.2758620689655 17.125 904
580.5862068965517 17.187 909
584.4827586206897 17.187 914
555.2413793103449 17.187 918
591.3448275862069 17.187 923
582.4137931034483 17.25 928
552.2413793103449 17.25 933
578.9310344827586 17.25 938
568.7931034482758 17.25 943
576.7241379310345 17.25 948
565.7931034482758 17.25 952
553.9310344827586 17.25 957
559.6206896551724 17.25 962
560.7931034482758 17.312 967
617.4827586206897 17.312 972
565.1724137931035 17.312 977
581.6896551724138 17.312 982
