453.2758620689655 19.0 702
445.0344827586207 19.062 707
485.7586206896552 19.125 712
418.62068965517244 19.187 717
453.0 19.187 722
429.6896551724138 19.25 727
409.9310344827586 19.25 731
432.17241379310343 19.187 736
472.48275862068965 19.25 741
519.2758620689655 19.187 746
406.48275862068965 19.187 751
454.1034482758621 19.312 756
396.2758620689655 19.375 761
430.3448275862069 19.375 765
521.9310344827586 19.25 770
406.1034482758621 19.312 775
411.41379310344826 19.312 780
453.48275862068965 19.25 785
481.8965517241379 19.25 790
341.3448275862069 19.25 795
397.7931034482759 19.25 799
517.7931034482758 19.25 804
466.58620689655174 19.25 809
405.9655172413793 19.312 814
367.0 19.312 819
428.1034482758621 19.312 824
409.0689655172414 19.312 828
444.62068965517244 19.312 833
417.55172413793105 19.312 838
437.0 19.312 843
321.3103448275862 19.375 848
390.1034482758621 19.375 853
433.6551724137931 19.375 858
406.2758620689655 19.437 862
356.8965517241379 19.437 867
370.3448275862069 19.437 872
460.44827586206895 19.437 877
515.551724137931 19.437 882
369.8965517241379 19.437 887
445.0689655172414 19.375 892
443.9310344827586 19.437 896
505.8965517241379 19.437 901
404.6896551724138 19.437 906
446.2413793103448 19.437 911
419.51724137931035 19.375 916
357.7931034482759 19.375 921
395.58620689655174 19.375 926
435.7586206896552 19.375 930
319.8965517241379 19.312 935
527.3793103448276 19.312 940
491.9310344827586 19.312 945
424.3448275862069 19.312 950
427.86206896551727 19.312 955
464.48275862068965 19.312 960
411.0344827586207 19.312 964
473.17241379310343 19.312 969
456.7241379310345 19.312 974
414.0344827586207 19.25 979
440.13793103448273 19.25 984
354.58620689655174 19.25 989
528.4137931034483 19.187 994
390.0344827586207 19.187 998
373.13793103448273 19.125 1003
447.2413793103448 19.187 1008
428.2068965517241 19.125 1013
498.41379310344826 19.125 1018
382.41379310344826 19.187 1023
388.41379310344826 19.187 1027
377.48275862068965 19.187 1032
447.48275862068965 19.187 1037
456.9310344827586 19.187 1042
377.86206896551727 19.187 1047
387.44827586206895 19.187 1052
496.0 19.125 1057
416.3448275862069 19.125 1061
449.8965517241379 19.125 1066
721.8965517241379 19.187 1071
726.3793103448276 19.187 1076
723.3448275862069 19.25 1081
708.7241379310345 19.25 1086
693.5172413793103 19.187 1091
726.2758620689655 19.187 1095
691.9310344827586 19.125 1100
706.3793103448276 19.125 1105
679.7241379310345 19.125 1110
707.551724137931 19.062 1115
692.6896551724138 19.062 1120
686.2413793103449 19.125 1125
703.2068965517242 19.125 1129
704.3103448275862 19.125 1134
705.5172413793103 19.125 1139
686.4827586206897 19.125 1144
700.2413793103449 19.125 1149
687.8275862068965 19.062 1154
682.1379310344828 19.125 1159
665.1724137931035 19.125 1163
695.4137931034483 19.125 1168
664.4827586206897 19.125 1173
693.2758620689655 19.125 1178
679.1034482758621 19.125 1183
675.1724137931035 19.125 1188
665.9655172413793 19.062 1192
683.6896551724138 19.062 1197
668.2413793103449 19.0 1202
671.7241379310345 19.0 1207
695.4827586206897 19.0 1212
692.2068965517242 19.0 1217
688.5862068965517 19.0 1222
693.448275862069 19.0 1226
658.551724137931 19.062 1231
688.8275862068965 19.0 1236
661.448275862069 19.0 1241
688.1379310344828 19.0 1246
692.4827586206897 19.0 1251
684.6896551724138 19.0 1256
669.0 18.937 1260
668.9655172413793 18.937 1265
652.8275862068965 19.0 1270
682.9655172413793 18.937 1275
703.0344827586207 18.937 1280
681.6206896551724 18.937 1285
671.7586206896551 18.937 1290
655.3103448275862 18.937 1294
685.4137931034483 18.937 1299
682.5862068965517 18.937 1304
680.4137931034483 18.937 1309
667.2413793103449 18.937 1314
710.551724137931 18.937 1321
678.7241379310345 18.937 1325
669.1724137931035 18.937 1330
671.1724137931035 18.875 1335
693.5172413793103 18.875 1340
691.3448275862069 18.937 1345
660.0344827586207 18.937 1350
661.0344827586207 18.875 1355
638.0689655172414 18.812 1359
633.0 18.812 1364
679.8275862068965 18.812 1369
663.3103448275862 18.812 1374
656.5172413793103 18.812 1379
662.1034482758621 18.812 1384
637.4827586206897 18.812 1389
684.5172413793103 18.812 1393
658.1379310344828 18.875 1398
668.4137931034483 18.875 1403
703.2758620689655 18.875 1408
650.448275862069 18.875 1413
660.2413793103449 18.875 1418
665.8620689655172 18.812 1422
689.1379310344828 18.812 1427
685.2413793103449 18.812 1432
687.8620689655172 18.687 1437
