714.0 18.625 2
674.448275862069 18.625 7
674.7586206896551 18.625 12
664.9655172413793 18.687 16
693.8275862068965 18.625 21
679.0344827586207 18.625 26
665.2413793103449 18.562 31
682.1379310344828 18.625 36
676.7586206896551 18.562 41
648.2413793103449 18.5 46
651.6896551724138 18.5 50
647.1034482758621 18.5 55
660.448275862069 18.437 60
656.0689655172414 18.437 65
668.9310344827586 18.437 70
642.8620689655172 18.5 75
630.6206896551724 18.437 80
659.6206896551724 18.437 84
671.5172413793103 18.375 89
665.448275862069 18.437 94
642.3448275862069 18.437 99
664.8275862068965 18.437 104
653.4827586206897 18.437 109
660.5172413793103 18.375 114
652.6206896551724 18.375 118
638.7586206896551 18.437 123
640.0 18.437 128
644.3448275862069 18.437 133
649.1034482758621 18.437 138
662.5172413793103 18.437 143
652.7241379310345 18.437 147
675.5172413793103 18.437 152
666.0 18.437 157
679.2068965517242 18.437 162
676.0689655172414 18.437 167
664.7931034482758 18.437 172
687.7586206896551 18.375 177
636.0 18.375 181
653.4827586206897 18.375 186
693.0689655172414 18.375 191
654.5862068965517 18.375 196
645.1034482758621 18.375 201
655.9310344827586 18.375 206
661.6896551724138 18.375 211
682.8965517241379 18.375 215
651.4137931034483 18.375 220
645.6206896551724 18.375 225
630.5172413793103 18.375 230
645.7931034482758 18.375 235
678.5862068965517 18.312 240
656.0689655172414 18.312 245
645.551724137931 18.312 249
627.1379310344828 18.25 254
632.8620689655172 18.25 259
661.1379310344828 18.25 264
680.9310344827586 18.25 269
622.7931034482758 18.25 274
702.1724137931035 18.25 279
655.2413793103449 18.187 283
651.5172413793103 18.187 288
632.2758620689655 18.187 293
635.551724137931 18.25 298
632.3793103448276 18.187 303
639.1724137931035 18.187 308
673.4137931034483 18.25 312
649.7931034482758 18.187 317
655.2758620689655 18.187 322
643.6206896551724 18.187 327
657.2758620689655 18.187 332
639.3103448275862 18.187 337
653.2758620689655 18.187 342
631.1379310344828 18.187 346
653.0344827586207 18.187 351
669.8965517241379 18.187 356
650.0344827586207 18.187 361
621.1724137931035 18.187 366
653.7241379310345 18.125 371
671.6206896551724 18.125 376
647.7931034482758 18.062 380
632.0 18.125 385
635.1034482758621 18.125 390
638.8965517241379 18.062 395
653.8275862068965 18.125 400
643.2413793103449 18.125 405
669.4137931034483 18.062 410
638.2068965517242 18.125 414
646.3448275862069 18.125 419
664.5862068965517 18.125 424
643.4137931034483 18.187 429
635.0 18.187 434
635.3793103448276 18.187 439
629.7931034482758 18.187 444
658.9310344827586 18.25 448
689.1724137931035 18.25 453
682.0 18.312 458
623.6896551724138 18.312 463
636.1724137931035 18.375 468
688.6551724137931 18.375 473
625.1034482758621 18.437 478
649.8620689655172 18.5 482
681.0689655172414 18.5 487
647.5172413793103 18.562 492
637.2758620689655 18.625 497
647.0689655172414 18.625 502
601.8620689655172 18.687 507
591.6206896551724 18.687 511
641.3448275862069 18.75 516
620.6896551724138 18.75 521
601.4827586206897 18.75 526
610.6896551724138 18.812 531
646.9310344827586 18.812 536
585.4827586206897 18.875 541
602.2413793103449 18.875 545
596.7241379310345 18.875 550
643.448275862069 18.937 555
609.4137931034483 18.937 560
637.7586206896551 18.937 565
621.448275862069 18.937 570
614.7586206896551 18.937 575
604.1034482758621 18.937 579
610.9310344827586 19.0 584
637.3793103448276 19.0 589
619.3793103448276 19.0 594
615.5172413793103 19.0 599
589.2758620689655 19.062 604
559.7586206896551 19.062 609
599.1379310344828 19.062 613
619.6206896551724 19.062 618
570.6206896551724 19.125 623
607.1724137931035 19.125 628
588.7586206896551 19.187 633
609.9310344827586 19.187 638
609.9310344827586 19.187 643
618.0 19.187 647
622.551724137931 19.187 652
604.9310344827586 19.187 657
613.2413793103449 19.25 662
606.8275862068965 19.25 667
639.8275862068965 19.25 672
590.6551724137931 19.25 676
641.6206896551724 19.312 681
564.8965517241379 19.312 686
634.7241379310345 19.375 691
608.0 19.375 696
666.3793103448276 19.375 701
665.3448275862069 19.437 706
593.7241379310345 19.437 710
618.5172413793103 19.5 715
608.6206896551724 19.5 720
616.8275862068965 19.5 725
627.7586206896551 19.5 730
582.0689655172414 19.562 735
629.9655172413793 19.562 740
640.3103448275862 19.562 744
601.9310344827586 19.562 749
607.551724137931 19.5 754
632.6896551724138 19.562 759
580.7241379310345 19.562 764
558.1034482758621 19.562 769
598.5862068965517 19.562 774
635.7241379310345 19.562 778
580.1034482758621 19.562 783
609.3793103448276 19.562 788
596.0344827586207 19.562 793
636.1034482758621 19.562 798
615.0 19.562 803
605.5172413793103 19.5 808
595.1724137931035 19.5 812
631.6206896551724 19.5 817
617.5862068965517 19.5 822
570.3793103448276 19.437 827
623.5862068965517 19.5 832
613.9655172413793 19.437 837
585.1034482758621 19.5 841
635.7931034482758 19.5 846
627.448275862069 19.437 851
592.3103448275862 19.5 856
617.8965517241379 19.5 861
591.1034482758621 19.5 866
572.2068965517242 19.5 871
649.7586206896551 19.5 875
580.1724137931035 19.5 880
607.2758620689655 19.562 885
467.37931034482756 19.562 890
373.44827586206895 19.5 895
543.8275862068965 19.5 900
401.41379310344826 19.5 905
437.51724137931035 19.5 909
482.37931034482756 19.5 914
411.2413793103448 19.5 919
408.13793103448273 19.562 924
562.2758620689655 19.562 929
663.0344827586207 19.562 934
613.8620689655172 19.562 939
695.5862068965517 19.562 943
675.2413793103449 19.562 948
657.2413793103449 19.562 953
632.6206896551724 19.562 958
646.3793103448276 19.562 963
616.0344827586207 19.625 968
628.0689655172414 19.562 973
661.0344827586207 19.562 977
703.9655172413793 19.562 982
645.0689655172414 19.562 987
651.9310344827586 19.562 992
628.8275862068965 19.562 997
678.2758620689655 19.562 1002
603.2758620689655 19.562 1006
670.1724137931035 19.562 1011
658.1379310344828 19.562 1016
644.551724137931 19.562 1021
687.448275862069 19.562 1026
654.1034482758621 19.5 1031
596.7931034482758 19.5 1036
654.4137931034483 19.437 1040
650.9310344827586 19.437 1045
658.4827586206897 19.437 1050
628.8965517241379 19.375 1055
679.1379310344828 19.375 1060
657.2413793103449 19.375 1065
618.8965517241379 19.312 1070
624.4827586206897 19.312 1074
669.9655172413793 19.25 1079
647.551724137931 19.25 1084
642.2413793103449 19.187 1089
629.2413793103449 19.187 1094
644.0 19.187 1099
641.8275862068965 19.125 1104
649.8275862068965 19.125 1108
644.3448275862069 19.125 1113
632.1724137931035 19.125 1118
685.9655172413793 19.062 1123
671.3793103448276 19.062 1128
642.2413793103449 19.0 1133
652.2413793103449 19.0 1138
636.6206896551724 19.0 1142
649.5172413793103 18.937 1147
641.6206896551724 18.937 1152
659.0689655172414 18.937 1157
632.448275862069 18.937 1162
688.7586206896551 18.875 1167
624.6551724137931 18.937 1172
629.2413793103449 18.875 1176
675.2413793103449 18.875 1181
604.7241379310345 18.875 1186
661.0344827586207 18.812 1191
657.8620689655172 18.75 1196
632.8620689655172 18.75 1201
615.3448275862069 18.687 1205
647.3103448275862 18.687 1210
602.5172413793103 18.687 1215
633.1034482758621 18.687 1220
635.6896551724138 18.625 1225
620.0344827586207 18.625 1230
652.2758620689655 18.625 1235
606.7931034482758 18.562 1239
632.0344827586207 18.5 1244
622.1724137931035 18.5 1249
623.3793103448276 18.5 1254
625.4137931034483 18.5 1259
638.6206896551724 18.562 1264
624.551724137931 18.562 1269
629.2758620689655 18.5 1273
613.0689655172414 18.5 1278
619.3448275862069 18.562 1283
606.3448275862069 18.562 1288
624.8275862068965 18.562 1293
599.2068965517242 18.562 1298
624.2758620689655 18.562 1303
626.6896551724138 18.562 1307
613.7931034482758 18.625 1312
597.3793103448276 18.687 1317
634.7931034482758 18.75 1322
592.4827586206897 18.75 1327
665.2758620689655 18.812 1332
617.1379310344828 18.875 1337
622.8965517241379 18.937 1341
628.8620689655172 19.0 1346
647.8275862068965 18.937 1351
610.5172413793103 18.937 1356
614.7241379310345 18.875 1361
642.6206896551724 19.0 1366
647.2413793103449 19.0 1370
605.5172413793103 18.937 1375
601.551724137931 18.937 1380
645.6896551724138 18.875 1385
628.2068965517242 18.937 1390
614.4137931034483 18.875 1395
623.3793103448276 18.875 1400
612.0 18.937 1404
623.8275862068965 18.875 1409
612.5862068965517 18.812 1414
587.0689655172414 18.812 1419
611.3103448275862 18.75 1424
641.1379310344828 18.75 1429
619.3103448275862 18.75 1434
619.551724137931 18.875 1438
