621.448275862069 18.812 3
634.7931034482758 18.812 8
627.5862068965517 18.75 13
644.8965517241379 18.687 18
623.1034482758621 18.687 23
630.8965517241379 18.625 28
648.1034482758621 18.625 32
620.6206896551724 18.625 37
620.6896551724138 18.75 42
620.2413793103449 18.687 47
608.4137931034483 18.687 52
624.8965517241379 18.562 57
603.1034482758621 18.5 62
598.9655172413793 18.5 66
635.2068965517242 18.437 71
639.551724137931 18.437 76
623.6206896551724 18.437 81
623.4137931034483 18.562 86
632.1724137931035 18.562 91
579.7241379310345 18.562 95
633.6896551724138 18.437 100
611.1379310344828 18.375 105
619.1034482758621 18.375 110
612.1379310344828 18.375 115
643.4137931034483 18.25 120
583.4137931034483 18.25 125
625.7241379310345 18.375 129
611.6551724137931 18.375 134
621.2068965517242 18.375 139
603.6551724137931 18.312 144
617.2413793103449 18.25 149
607.8965517241379 18.187 154
636.1724137931035 18.125 159
614.6551724137931 18.187 163
609.8965517241379 18.187 168
642.3793103448276 18.25 173
639.3793103448276 18.312 178
613.4137931034483 18.25 183
652.1034482758621 18.187 188
610.1724137931035 18.125 193
599.8965517241379 18.062 197
577.0689655172414 18.062 202
592.0 18.062 207
618.448275862069 18.0 212
662.0 18.062 217
620.1034482758621 18.125 222
614.2068965517242 18.062 227
596.9655172413793 18.062 231
626.2758620689655 18.0 236
632.7586206896551 17.937 241
619.5172413793103 17.875 246
627.551724137931 17.875 251
643.9655172413793 17.812 256
628.6551724137931 17.812 260
614.4137931034483 17.937 265
624.4827586206897 17.937 270
627.0344827586207 18.0 275
599.5172413793103 17.937 280
614.2413793103449 17.812 285
589.9655172413793 17.75 290
597.448275862069 17.75 294
621.7241379310345 17.687 299
597.0344827586207 17.687 304
607.1379310344828 17.812 309
604.4137931034483 17.812 314
584.0344827586207 17.875 319
591.7586206896551 17.812 324
619.4137931034483 17.75 328
604.1034482758621 17.75 333
620.5172413793103 17.687 338
599.0 17.687 343
608.2068965517242 17.625 348
591.1724137931035 17.687 353
620.0344827586207 17.75 358
614.6206896551724 17.687 362
619.4137931034483 17.75 367
635.8965517241379 17.75 372
581.3793103448276 17.687 377
643.448275862069 17.687 382
608.8965517241379 17.625 387
594.2068965517242 17.625 392
597.6551724137931 17.687 396
619.7931034482758 17.625 401
608.3448275862069 17.625 406
625.6896551724138 17.75 411
609.448275862069 17.75 416
616.1034482758621 17.75 421
604.7241379310345 17.75 426
578.7931034482758 17.75 430
600.6551724137931 17.75 435
616.6206896551724 17.687 440
614.8620689655172 17.687 445
579.4137931034483 17.75 450
608.5172413793103 17.75 455
601.2413793103449 17.812 459
615.7241379310345 17.812 464
593.0344827586207 17.812 469
580.551724137931 17.812 474
615.7586206896551 17.812 479
603.0689655172414 17.875 484
627.0689655172414 17.875 489
632.6206896551724 17.937 493
577.551724137931 17.875 498
599.3448275862069 17.875 503
624.9310344827586 17.875 508
597.3448275862069 17.875 513
570.7931034482758 17.937 518
585.1034482758621 17.875 523
592.8620689655172 17.875 527
627.551724137931 17.937 532
612.9655172413793 18.0 537
593.5862068965517 17.937 542
615.0344827586207 18.0 547
626.0344827586207 18.0 552
575.8965517241379 18.0 557
605.0 18.062 561
602.551724137931 18.125 566
610.3103448275862 18.125 571
611.3793103448276 18.125 576
617.6551724137931 18.125 581
578.9655172413793 18.187 586
615.8620689655172 18.312 591
582.3448275862069 18.312 595
615.6896551724138 18.312 600
586.3448275862069 18.312 605
658.6551724137931 18.312 610
605.3448275862069 18.25 615
614.7931034482758 18.312 620
591.4827586206897 18.312 624
585.0 18.312 629
603.2068965517242 18.375 634
595.3793103448276 18.375 639
574.2758620689655 18.375 644
622.7586206896551 18.375 649
590.0 18.375 654
616.0 18.437 658
560.7241379310345 18.5 663
618.3793103448276 18.437 668
611.3103448275862 18.5 673
610.3793103448276 18.5 678
610.6206896551724 18.5 683
608.1379310344828 18.562 688
610.0689655172414 18.562 692
601.6896551724138 18.562 697
612.8965517241379 18.562 702
592.2758620689655 18.625 707
613.7586206896551 18.687 712
612.5862068965517 18.687 717
604.2413793103449 18.687 722
627.1379310344828 18.75 726
595.2758620689655 18.75 731
583.6206896551724 18.812 736
593.1379310344828 18.812 741
600.7241379310345 18.812 746
602.7241379310345 18.875 751
619.1034482758621 18.875 756
601.4137931034483 18.875 760
599.7931034482758 18.937 765
570.6206896551724 18.937 770
588.2413793103449 18.937 775
611.9310344827586 19.0 780
637.3448275862069 19.0 785
590.6206896551724 19.0 789
612.5862068965517 19.0 794
612.6551724137931 19.062 799
609.3793103448276 19.125 804
594.551724137931 19.125 809
589.8620689655172 19.125 814
603.8965517241379 19.187 819
632.2758620689655 19.187 823
591.4137931034483 19.25 828
628.8275862068965 19.25 833
624.9655172413793 19.312 838
618.8620689655172 19.375 843
611.448275862069 19.375 848
592.7931034482758 19.375 853
607.3448275862069 19.437 857
636.6551724137931 19.437 862
591.9655172413793 19.437 867
571.1379310344828 19.437 872
647.8275862068965 19.5 877
590.8620689655172 19.5 882
615.4137931034483 19.5 887
586.7586206896551 19.562 891
622.448275862069 19.562 896
615.4827586206897 19.562 901
599.3103448275862 19.562 906
591.9655172413793 19.625 911
612.4827586206897 19.687 916
617.0344827586207 19.687 921
641.3448275862069 19.687 925
636.0 19.687 930
619.1724137931035 19.687 935
613.9655172413793 19.75 940
605.4137931034483 19.75 945
606.0 19.75 950
594.6896551724138 19.75 954
637.8965517241379 19.75 959
600.7586206896551 19.75 964
593.1379310344828 19.75 969
620.7931034482758 19.812 974
606.6206896551724 19.812 979
638.9310344827586 19.812 984
621.0 19.812 988
639.3448275862069 19.812 993
620.1034482758621 19.812 998
611.2068965517242 19.812 1003
617.551724137931 19.812 1008
630.551724137931 19.812 1013
634.9310344827586 19.812 1018
637.7241379310345 19.812 1022
598.2413793103449 19.812 1027
633.3793103448276 19.812 1032
617.1724137931035 19.812 1037
611.0 19.812 1042
603.448275862069 19.812 1047
617.0 19.812 1052
608.4827586206897 19.812 1056
617.6896551724138 19.812 1061
643.1724137931035 19.812 1066
591.9655172413793 19.812 1071
593.551724137931 19.75 1076
610.3103448275862 19.812 1081
648.2758620689655 19.75 1086
589.8620689655172 19.75 1090
639.7241379310345 19.75 1095
620.2068965517242 19.75 1100
640.8965517241379 19.75 1105
602.1724137931035 19.75 1110
577.8620689655172 19.75 1115
635.1034482758621 19.75 1120
621.0 19.687 1124
636.448275862069 19.687 1129
623.5172413793103 19.687 1134
640.0689655172414 19.687 1139
606.4137931034483 19.687 1144
622.7931034482758 19.625 1149
626.0689655172414 19.625 1153
619.3103448275862 19.625 1158
601.7241379310345 19.625 1163
630.8620689655172 19.625 1168
621.4137931034483 19.625 1173
640.5172413793103 19.562 1178
611.8965517241379 19.562 1183
622.551724137931 19.562 1187
609.6206896551724 19.5 1192
616.8620689655172 19.5 1197
621.6551724137931 19.375 1202
616.448275862069 19.375 1207
621.8275862068965 19.312 1212
625.8275862068965 19.312 1217
635.3103448275862 19.25 1221
597.1034482758621 19.25 1226
601.1034482758621 19.187 1231
611.7931034482758 19.062 1236
638.5172413793103 19.0 1241
599.0 18.937 1246
619.0344827586207 18.875 1251
611.9655172413793 18.812 1255
630.1724137931035 18.875 1260
601.0344827586207 18.937 1265
610.1034482758621 19.0 1270
632.5862068965517 19.0 1275
598.9655172413793 19.0 1280
652.0689655172414 19.0 1285
589.4137931034483 19.0 1289
619.7931034482758 19.0 1294
625.7931034482758 18.937 1299
630.448275862069 18.937 1304
620.448275862069 18.937 1309
599.4827586206897 18.937 1314
620.0689655172414 18.875 1318
619.3103448275862 18.875 1323
626.7931034482758 18.812 1328
623.7586206896551 18.75 1333
620.8965517241379 18.687 1338
628.0689655172414 18.625 1343
628.0344827586207 18.625 1348
624.3103448275862 18.562 1352
631.6896551724138 18.5 1357
620.551724137931 18.562 1362
611.0344827586207 18.5 1367
619.6551724137931 18.5 1372
588.4827586206897 18.437 1377
597.5172413793103 18.437 1382
640.9655172413793 18.5 1386
581.7241379310345 18.5 1391
633.4137931034483 18.5 1396
647.6206896551724 18.437 1401
645.551724137931 18.375 1406
621.7931034482758 18.312 1411
626.0689655172414 18.312 1416
615.3448275862069 18.312 1420
627.7586206896551 18.25 1425
591.0689655172414 18.187 1430
627.7586206896551 18.25 1435
