624.6551724137931 18.187 0
601.6896551724138 18.25 5
614.1724137931035 18.187 10
655.3793103448276 18.187 14
615.551724137931 18.062 19
611.8620689655172 18.0 24
608.551724137931 18.0 29
610.7241379310345 17.937 34
602.3793103448276 17.937 39
618.8965517241379 17.875 43
622.0689655172414 17.875 48
627.0689655172414 17.812 53
606.4137931034483 17.812 58
581.5862068965517 17.812 63
637.3448275862069 17.812 68
594.2068965517242 17.812 73
631.8620689655172 17.75 77
597.2068965517242 17.625 82
607.6896551724138 17.687 87
638.6896551724138 17.625 92
632.1034482758621 17.625 97
635.2068965517242 17.625 102
611.551724137931 17.562 107
621.6551724137931 17.562 111
624.1724137931035 17.562 116
609.4137931034483 17.562 121
605.448275862069 17.375 126
584.9310344827586 17.375 131
633.9310344827586 17.312 136
588.448275862069 17.312 141
626.1379310344828 17.312 145
600.7586206896551 17.375 150
593.6206896551724 17.312 155
606.7241379310345 17.312 160
618.2758620689655 17.312 165
617.6896551724138 17.125 170
591.6206896551724 17.062 175
611.2413793103449 17.062 179
575.1034482758621 17.062 184
612.2758620689655 17.062 189
626.2758620689655 17.062 194
616.4137931034483 17.0 199
636.6206896551724 16.937 204
610.5172413793103 17.0 208
606.2413793103449 16.875 213
621.7586206896551 16.75 218
598.5172413793103 16.687 223
593.3448275862069 16.75 228
624.5172413793103 16.75 233
596.7931034482758 16.75 238
625.5862068965517 16.687 242
603.5172413793103 16.75 247
614.1034482758621 16.687 252
579.448275862069 16.687 257
592.8965517241379 16.562 262
584.1034482758621 16.5 267
605.7931034482758 16.437 272
606.0689655172414 16.5 276
604.8620689655172 16.5 281
626.9310344827586 16.5 286
602.6896551724138 16.437 291
583.7931034482758 16.312 296
621.6551724137931 16.312 301
629.1034482758621 16.187 306
611.3793103448276 16.187 310
623.2068965517242 16.187 315
631.2758620689655 16.25 320
624.4137931034483 16.25 325
618.6896551724138 16.187 330
605.5172413793103 16.125 335
601.3103448275862 16.125 340
604.5862068965517 16.125 344
609.9310344827586 16.187 349
591.3448275862069 16.0 354
606.1034482758621 15.937 359
598.3103448275862 16.062 364
640.5172413793103 15.937 369
605.4827586206897 15.937 374
606.0344827586207 15.937 378
609.7586206896551 15.812 383
629.5862068965517 15.812 388
612.8275862068965 15.812 393
603.0689655172414 15.75 398
602.8275862068965 15.75 403
646.1724137931035 15.812 407
569.9655172413793 15.75 412
600.6206896551724 15.687 417
607.3448275862069 15.75 422
583.9310344827586 15.812 427
606.0344827586207 16.0 432
606.8275862068965 15.937 437
579.1034482758621 16.0 441
611.0689655172414 16.062 446
627.6206896551724 16.062 451
594.551724137931 16.0 456
619.6896551724138 16.125 461
604.2758620689655 16.062 466
606.4137931034483 16.0 471
609.448275862069 16.125 475
587.551724137931 16.125 480
602.1379310344828 16.062 485
611.2068965517242 16.187 490
607.0689655172414 16.125 495
622.5862068965517 16.25 500
592.6896551724138 16.312 505
597.4827586206897 16.25 509
597.3103448275862 16.187 514
617.6206896551724 16.125 519
592.4137931034483 16.125 524
601.5862068965517 16.187 529
604.8620689655172 16.312 534
611.9655172413793 16.187 539
600.8965517241379 16.375 543
602.6896551724138 16.375 548
611.448275862069 16.437 553
596.0 16.5 558
633.9655172413793 16.5 563
612.6896551724138 16.437 568
562.4137931034483 16.437 572
586.0689655172414 16.5 577
540.3793103448276 16.437 582
575.1724137931035 16.5 587
636.0 16.437 592
533.5862068965517 16.562 597
561.9655172413793 16.625 602
567.9310344827586 16.687 606
561.5172413793103 16.687 611
570.3448275862069 16.75 616
578.9655172413793 16.812 621
573.9310344827586 16.875 626
568.9310344827586 16.937 631
613.0 16.937 636
596.5172413793103 16.875 640
604.3448275862069 16.875 645
558.4137931034483 16.812 650
612.1034482758621 16.812 655
551.7931034482758 16.812 660
558.8620689655172 16.812 665
588.3448275862069 16.875 670
595.1379310344828 16.875 674
560.8620689655172 16.937 679
544.5862068965517 16.937 684
588.5862068965517 16.937 689
576.4137931034483 17.0 694
575.8620689655172 17.0 699
578.0344827586207 17.0 704
547.0 17.062 708
590.3448275862069 17.062 713
572.0 17.125 718
551.6206896551724 17.187 723
547.1379310344828 17.187 728
559.6896551724138 17.312 733
582.0 17.25 737
598.0689655172414 17.187 742
584.7586206896551 17.187 747
557.2068965517242 17.187 752
568.1724137931035 17.187 757
572.0344827586207 17.125 762
611.4827586206897 17.125 767
552.3793103448276 17.125 771
612.4827586206897 17.125 776
567.8965517241379 17.125 781
603.8620689655172 17.125 786
586.9655172413793 17.187 791
558.2413793103449 17.187 796
567.551724137931 17.187 801
567.3793103448276 17.25 805
604.1724137931035 17.25 810
590.1724137931035 17.312 815
578.7586206896551 17.375 820
577.5172413793103 17.312 825
589.0344827586207 17.375 830
583.0689655172414 17.375 835
621.6551724137931 17.437 839
562.6896551724138 17.437 844
555.7586206896551 17.5 849
583.5172413793103 17.5 854
545.1034482758621 17.5 859
559.2758620689655 17.5 864
562.2068965517242 17.562 869
583.1034482758621 17.562 873
562.5862068965517 17.562 878
555.0344827586207 17.562 883
562.9310344827586 17.562 888
572.0689655172414 17.562 893
575.8275862068965 17.625 898
573.4137931034483 17.625 902
562.448275862069 17.625 907
581.3448275862069 17.625 912
599.7931034482758 17.687 917
557.9310344827586 17.687 922
556.3103448275862 17.687 927
563.4827586206897 17.75 932
562.8965517241379 17.812 936
575.1034482758621 17.812 941
578.3793103448276 17.875 946
539.9310344827586 17.875 951
592.4827586206897 17.875 956
554.6896551724138 17.937 961
573.5862068965517 17.937 966
542.4827586206897 17.937 970
596.4137931034483 18.0 975
565.1034482758621 18.0 980
566.2068965517242 18.0 985
585.4827586206897 18.0 990
578.3103448275862 18.0 995
549.3793103448276 18.0 1000
562.3793103448276 18.0 1004
580.3448275862069 18.0 1009
578.1034482758621 18.0 1014
597.0 18.0 1019
586.5862068965517 17.937 1024
571.8275862068965 17.937 1029
564.9655172413793 17.937 1034
564.4137931034483 17.937 1038
559.1724137931035 17.937 1043
588.3103448275862 17.937 1048
578.2068965517242 17.937 1053
568.4137931034483 17.875 1058
618.5862068965517 17.875 1063
567.9310344827586 17.875 1068
592.551724137931 17.875 1072
581.1034482758621 17.937 1077
587.4137931034483 17.937 1082
578.448275862069 17.937 1087
564.5862068965517 17.937 1092
574.7586206896551 17.937 1097
585.1724137931035 17.937 1101
592.6206896551724 17.937 1106
580.7931034482758 18.0 1111
533.8275862068965 18.0 1116
591.3103448275862 17.937 1121
580.7931034482758 17.937 1126
578.551724137931 17.937 1131
589.8620689655172 17.937 1135
604.5862068965517 18.0 1140
616.2068965517242 17.937 1145
576.9655172413793 17.937 1150
581.1724137931035 17.937 1155
593.7931034482758 17.875 1160
564.9310344827586 17.875 1165
554.3448275862069 17.875 1169
557.2068965517242 17.937 1174
583.1724137931035 17.937 1179
601.8620689655172 17.937 1184
527.8620689655172 17.937 1189
574.2413793103449 18.062 1194
578.2068965517242 18.0 1199
593.448275862069 18.0 1203
587.7586206896551 18.0 1208
596.0 18.0 1213
585.0344827586207 18.062 1218
560.8275862068965 18.062 1223
589.3103448275862 18.0 1228
594.5862068965517 18.062 1233
586.0344827586207 18.187 1237
593.7241379310345 18.25 1242
548.8620689655172 18.062 1247
577.3793103448276 18.062 1252
572.6206896551724 18.062 1257
583.2413793103449 18.0 1262
578.8620689655172 17.937 1266
542.2413793103449 17.875 1271
572.2758620689655 18.0 1276
575.6896551724138 17.937 1281
578.6896551724138 17.875 1286
586.1379310344828 17.875 1291
608.6206896551724 17.812 1296
617.4827586206897 17.75 1300
564.0344827586207 17.75 1305
602.0344827586207 17.75 1310
578.0344827586207 17.812 1315
573.7931034482758 17.812 1320
588.7586206896551 17.75 1325
565.0 17.687 1330
535.1724137931035 17.625 1334
574.3793103448276 17.625 1339
567.7241379310345 17.687 1344
622.2068965517242 17.625 1349
562.7241379310345 17.625 1354
590.6206896551724 17.625 1359
592.5862068965517 17.562 1364
567.9655172413793 17.562 1368
576.2068965517242 17.562 1373
586.3103448275862 17.562 1378
595.2068965517242 17.5 1383
570.9655172413793 17.5 1388
580.0344827586207 17.5 1393
565.2758620689655 17.5 1398
557.1034482758621 17.5 1402
580.4827586206897 17.562 1407
584.2758620689655 17.5 1412
581.1379310344828 17.5 1417
602.3103448275862 17.437 1422
563.0689655172414 17.437 1427
570.8620689655172 17.312 1431
574.1724137931035 17.312 1436
